// Sample: , Map: , Thickness:(1.0):, Neighbors:(1.0):
//LACUNA_NUMBER, TRIANGLES, SCALE_X, SCALE_Y, SCALE_Z, POS_X, POS_Y, POS_Z , STD_X, STD_Y, STD_Z,PROJ_X, PROJ_Y, PROJ_Z, PCA1_X, PCA1_Y, PCA1_Z, PCA1_S, PCA2_X, PCA2_Y, PCA2_Z, PCA2_S, PCA3_X, PCA3_Y, PCA3_Z, PCA3_S,PROJ_PCA1, PROJ_PCA2, PROJ_PCA3,OBJ_RADIUS, OBJ_RADIUS_STD, VOLUME, VOLUME_BOX, Mask_Grad_X,Mask_Grad_Y,Mask_Grad_Z,Mask_Angle, Mask_Distance_Mean,Mask_Distance_COV, Mask_Distance_STD, SHAPET_XX, SHAPET_XY, SHAPET_XZ, SHAPET_YX, SHAPET_YY, SHAPET_YZ, SHAPET_ZX, SHAPET_ZY, SHAPET_ZZ, Thickness, Thickness_STD, Neighbors, Neighbors_STD
1, 0 ,2.0,2.0,2.0,384.77530639970706,81.70739791494036,343.54034166457905,28.644233157698192,41.05226238081529,44.12077101925854,132.0,177.0,272.0,0.0029967474035300446,0.31710794722718083,0.9483847158776667,44.493044175723476,0.04278931844433936,-0.9475610166327917,0.3166973223519566,40.66741618385801,-0.9990796233194172,-0.03963167373697056,0.016408433951415207,28.617355852973656,280.22712421490917,232.70934984883036,136.68836591124693,63.353030971951654,20.947941229988004,2075720.0,8913649.530772617, 0.0, 0.0,0.0,NaN, 189.6134219391532,189.6134219391532,0.0, 820.4920931925766, -32.74786575505037, 14.612482364047684, -32.74786575505037, 1685.2882465833027, 98.52178709719679, 14.612482364047684, 98.52178709719679, 1946.6424353338446, 568.7791426589328, 197.1368725092002, 24.0, 0.0
2, 0 ,2.0,2.0,2.0,400.12553443907314,379.43867054891535,296.58110985865505,20.16071678985251,25.076317663786792,29.865486935632486,96.0,110.0,154.0,-0.04472735117573836,-0.06335057354421947,0.9969885500287456,29.902027099536454,0.10809882844769687,-0.9924344064247328,-0.058211615959565886,25.10535206593603,0.9931334791180074,0.10516964284434499,0.05123708499666422,20.070216539494773,155.13512094336681,117.2337524479621,100.72605266402576,41.86876539096562,13.199621342846914,608582.0,1831912.0088071227, 0.0, 0.0,0.0,NaN, 220.17407208174683,220.17407208174683,0.0, 406.45450148064094, -23.010533588893566, -23.340507328478054, -23.010533588893566, 628.8217075751454, -17.890586898126575, -23.340507328478054, -17.890586898126575, 891.9473099024347, 334.0032353898078, 97.30914576054694, 12.0, 0.0
3, 0 ,2.0,2.0,2.0,235.4053671050832,97.01485491697753,90.64160036972238,19.42528093252458,22.75877802309855,22.11752501974893,101.0,104.0,101.0,0.06199483485241196,0.8025340486045263,0.5933765594308982,23.621010250785922,-0.27331131160527533,-0.5581445784704651,0.7834382914260898,21.36242647575086,-0.9599258134878059,0.21074565322790054,-0.18473955246594922,19.240141351138817,108.76943171971342,108.90449761004928,108.10231682639312,35.8525204113611,9.954155391832789,424102.0,1280523.866163836, 0.0, 0.0,0.0,NaN, 237.2282265566932,237.2282265566932,2.6973983046972182E-6, 377.341539307503, 22.48709788503144, -11.543661691672227, 22.48709788503144, 517.9619771046736, 51.73674473987681, -11.543661691672227, 51.73674473987681, 489.18491299921976, 342.56289524689817, 95.40986633011977, 14.0, 0.0
4, 0 ,2.0,2.0,2.0,200.36011292332464,39.59580286939932,31.012412743573627,25.481669214492587,23.22081359262461,18.229362865269525,130.0,90.0,70.0,-0.964540829350488,0.26385885966044526,0.006284162200511853,25.660350293558455,0.2528064601902461,0.9304551810276565,-0.2652207567006565,23.37246139652022,-0.0758279776992,-0.25422757182784245,-0.9641672362824661,17.779364201623,136.67347311171852,117.51657029246306,84.48500139803326,37.35780795896809,11.190420226029367,453405.0,1356947.2164363014, 0.0, 0.0,-3.552713678800501E-15,89.63994165828285, 206.5763108386281,206.5763108386281,0.0, 649.3154659568193, -32.98756278626621, -17.507613977641796, -32.98756278626621, 539.2061839034199, -56.231832861456084, -17.507613977641796, -56.231832861456084, 332.3096704736676, 342.6873148730164, 105.10689307024161, 11.0, 0.0
5, 0 ,2.0,2.0,2.0,220.91029701186383,255.1512276166981,147.8026371410356,21.442179866267875,25.908186230011125,25.091341175267143,114.0,114.0,120.0,0.07434801171854383,0.7366545186227778,0.6721699884301165,28.05672102646444,0.6135593851568006,-0.565148046261898,0.5515002871190268,24.598027334348508,-0.7861407342451531,-0.3714132550125302,0.4939989270853624,19.19203088841224,128.70222333535347,123.69031930676414,110.10955333508863,40.29698694708558,11.693136281884419,577216.0,1752858.1045268315, -2.8421709430404007E-14, 0.0,0.0,85.73623846333524, 312.53795057071886,312.53795057071886,0.0, 459.76707741738335, -59.14652528076433, 101.03549095293309, -59.14652528076433, 671.2341137289382, 133.61082853095434, 101.03549095293309, 133.61082853095434, 629.5754019736563, 316.416121521233, 102.70998174028003, 16.0, 0.0
7, 0 ,2.0,2.0,2.0,244.5385096699677,149.65801036159323,436.2960688516655,24.311810047775946,21.044453746518077,23.643572177109995,118.0,99.0,126.0,-0.6988849387676812,0.4558271783885035,-0.5511637014590763,25.219272041030337,0.6711330116640596,0.15153549112853335,-0.7256841431250677,23.87540985736406,-0.24726569316915709,-0.8770738728127807,-0.4118265394687024,19.669894978013396,123.75282808646648,123.7624535334989,101.64647094988209,38.35935247163868,11.02323566556689,508223.0,1556812.6362999436, 0.0, 0.0,0.0,NaN, 250.361307242698,250.361307242698,0.0, 591.0641077991395, -60.73372564758342, 6.765866535889944, -60.73372564758342, 442.8690334893387, -82.72275981428957, 6.765866535889944, -82.72275981428957, 559.0185052942098, 322.03248377188754, 99.87917559233733, 18.0, 0.0
9, 0 ,2.0,2.0,2.0,410.20674023732624,222.89017036787718,163.43861671882496,14.145542054469425,22.947185333852527,21.469247245374085,72.0,105.0,103.0,-0.0034285055676194177,0.9060266555587249,0.42320673998253366,23.342756395444518,0.012883091338272212,0.4232141240263263,-0.9059380945639711,21.039532699653048,-0.9999111317047842,0.002346197285036304,-0.013123416138991791,14.143975384845184,107.98881303146834,102.1964557792196,72.60483232242188,32.86342085940449,10.372744162536643,279278.0,801272.2990457003, 0.0, 0.0,0.0,NaN, 266.2969178470186,266.2969178470186,0.0, 200.0963600147631, 0.2516250592584904, -3.3319088940457915, 0.2516250592584904, 526.5733147461765, 39.203255145827356, -3.3319088940457915, 39.203255145827356, 460.9285772830027, 320.2718509871884, 103.4264800834439, 9.0, 0.0
10, 0 ,2.0,2.0,2.0,179.26698990018912,169.02578165413024,114.28391831958142,21.167331136485906,22.28538883194026,22.729939532220314,107.0,109.0,113.0,-0.4608835471575556,0.7529588240750126,0.4697226471089544,23.682308866419326,0.4206645601427155,-0.2806957424332047,0.862699964077783,22.571502188420794,0.7814266976495017,0.5951998903120244,-0.18737504309045264,19.774229433392268,106.79871972623616,114.86215483084662,108.09789221533205,36.88103850383201,10.056520911802302,471692.0,1326051.0133778432, 0.0, 0.0,0.0,NaN, 271.6011460177239,271.6011460177239,0.0, 448.0559074416457, -72.92276923114252, 6.220890281341612, -72.92276923114252, 496.6385553907677, 31.38232632587972, 6.220890281341612, 31.38232632587972, 516.6501511383918, 314.88459418434064, 99.76321053093001, 13.0, 0.0
11, 0 ,2.0,2.0,2.0,82.98831687602758,30.122196212937567,190.15741784585703,24.839264691125177,18.963606823240802,27.274066394119888,124.0,83.0,142.0,0.2933673902549592,-0.04757908513423496,0.9548150632414552,27.493761992479165,-0.9247741341146254,0.2390553107098107,0.29604958924811997,24.9367714365461,0.2423393802243853,0.9698395687324916,-0.02613112537254738,18.513039556903394,142.66424255209034,130.1945247498101,87.20379347496194,39.66404941362569,12.134468918185961,522463.0,1619732.264481132, 1.4210854715202004E-14, 0.0,0.0,72.94033526295752, 209.65269138365608,209.65269138365608,0.0, 616.9890703957778, -67.47058856668306, 39.32047987806038, -67.47058856668306, 359.61838374646516, 0.983041808639195, 39.32047987806038, 0.983041808639195, 743.8746976708599, 319.53771654643486, 94.54028599336053, 13.0, 0.0
12, 0 ,2.0,2.0,2.0,270.8998992801179,388.6789431833844,315.4402964345162,19.24990420270595,22.95791577116577,25.747952454535906,121.0,97.0,125.0,-0.17481308601515702,-0.4805881669914205,0.859345913300158,27.230517729412654,0.16380621712681054,-0.8748176910674804,-0.45591833767240236,21.52172427869911,-0.9708799659012758,-0.061065711681669785,-0.23165290990693316,18.865207452613294,140.53587033134758,109.29381617153751,118.29748638091797,37.80262609727232,11.46922944751704,471605.0,1817014.0881794286, 0.0, 0.0,0.0,NaN, 254.7728318578957,254.7728318578957,0.0, 370.5588118133562, 17.021362262489145, -65.94003559317521, 17.021362262489145, 527.065896555942, -116.4600435454634, -65.94003559317521, -116.4600435454634, 662.9570556010415, 318.70339797075945, 96.58726493638949, 15.0, 0.0
13, 0 ,2.0,2.0,2.0,71.33751759766864,293.2711418454236,46.945119285022834,31.587385391684208,25.004513326549787,25.09595746617393,143.0,124.0,105.0,-0.9875132678207045,0.14425943209434997,-0.06329898995947242,31.78038742243068,-0.05421459960176769,-0.6884672261283497,-0.7232383118565799,27.53099497179361,-0.14791322817143077,-0.7107756993587714,0.6876914876112363,22.019241014796258,148.27873046693287,144.56591221673074,110.69977536197999,45.39059289602901,13.874067906421605,791298.0,2372965.912152788, 0.0, 0.0,0.0,NaN, 162.9066656909879,162.9066656909879,0.0, 997.7629158827848, -64.61753441895578, 43.53475350211453, -64.61753441895578, 625.225686697606, 131.19253413619552, 43.53475350211453, 131.19253413619552, 629.8070811440111, 256.12904620004093, 115.91700443506885, 24.0, 0.0
14, 0 ,2.0,2.0,2.0,325.6045916241275,296.5754766121471,75.32246848630065,20.320555627260767,20.1152905980677,20.966793365085422,111.0,93.0,93.0,-0.5742068011936038,0.34590249978816817,0.7420498703613561,21.76118802492083,0.3014586676525662,-0.7533567038549169,0.5844453340167873,20.093275270881204,-0.7611893464573377,-0.5592898509692007,-0.32830723635445586,19.49018485012741,101.74093621781162,94.47570708223957,101.89726588765325,34.234645938878586,9.22742316678204,383960.0,979441.2975105387, 0.0, 0.0,0.0,NaN, 187.97143058764422,187.97143058764422,0.0, 412.92498100059925, -24.028642476475028, -35.71098424820579, -24.028642476475028, 404.62491584471076, 13.535085329896464, -35.71098424820579, 13.535085329896464, 439.60642401419005, 320.73041723096156, 88.74919937392309, 16.0, 0.0
15, 0 ,2.0,2.0,2.0,355.4806834065318,263.0945052657968,199.9428578861604,27.030649799854324,19.847913824549813,20.003368761339498,152.0,89.0,98.0,0.9519880318624759,-0.300671754762224,0.057578494933566995,27.728050877812805,0.11213830017745492,0.1674834217606038,-0.9794765464617674,20.015119612889205,-0.28485748862180277,-0.9389067042702196,-0.19315903254187844,18.848890020115654,157.3496351977602,97.15948446622033,92.52165435372711,37.056724934797096,12.30973641869944,422823.0,1414471.9248646323, 0.0, 0.0,0.0,NaN, 272.69290123327875,272.69290123327875,0.0, 730.6560286023646, -117.52566115902276, 17.690837044780675, -117.52566115902276, 393.9396831867556, -14.59499993678961, 17.690837044780675, -14.59499993678961, 400.1347618021329, 315.2202836647959, 91.51035486671068, 15.0, 0.0
16, 0 ,2.0,2.0,2.0,234.08014753271945,394.64552158644466,120.15971012458176,24.180098550468937,21.441908357763047,22.293092077933984,134.0,90.0,96.0,0.8622738420140347,-0.26205650354260523,0.4333707538925301,25.33466182688124,-0.17263302452876236,0.6523750370245248,0.737973339565395,22.134794898207616,0.4761109746901526,0.7111492107977584,-0.5172863228051928,20.239079012153443,141.13378296716738,108.446757294218,102.91248154315969,37.599468437445324,11.300200332256475,470133.0,1575127.1002297974, 0.0, 0.0,0.0,NaN, 234.53353916965136,234.53353916965136,0.0, 584.6771659103899, -61.521297703791454, 76.54496519603009, -61.521297703791454, 459.7554340227088, 12.299923663477642, 76.54496519603009, 12.299923663477642, 496.98195439524295, 291.1148611137699, 105.7346663445228, 15.0, 0.0
17, 0 ,2.0,2.0,2.0,135.50546486982378,77.08432454947118,370.81376472325036,21.023587493305058,21.894848016296677,18.573206817785348,114.0,101.0,88.0,0.004913555777429996,-0.9971311629119967,0.07553344239071874,21.911885775006716,0.940725086349599,0.03022576602485107,0.3378205366474197,21.3680848181453,-0.33913444071954973,0.06939630406571302,0.9381748153195418,18.155269902406275,103.25198661077968,107.12935941402395,86.64081436269208,34.31623233700997,9.419968706633849,379332.0,958361.7020134106, 0.0, 0.0,0.0,NaN, 207.6626765941414,207.6626765941414,0.0, 441.9912310886529, 2.873149892993307, 40.41001962852711, 2.873149892993307, 479.3843696567306, -10.039853985962303, 40.41001962852711, -10.039853985962303, 344.9640114962281, 317.4572880748263, 91.37991241930031, 15.0, 0.0
18, 0 ,2.0,2.0,2.0,325.39221885733514,173.67064421715585,113.17048549606689,19.760353646865013,18.862567703238753,19.907783924614257,99.0,88.0,90.0,-0.8177363559475774,0.5593347016481282,-0.13583793171929745,20.788228369293183,-0.07126364612659349,-0.33256424746068647,-0.9403842374538458,20.140353867511767,-0.5711643764296936,-0.7593060732294367,0.3118101060815259,17.45862551162275,109.42577634598025,93.91995626087353,94.43319671931579,32.53889313010047,9.154689031589763,315018.0,970514.9051571896, 0.0, 0.0,0.0,NaN, 233.09712664548172,233.09712664548172,0.0, 390.47157624917145, -55.85730376326121, 20.902797599019834, -55.85730376326121, 355.7964603592657, 21.85779981357328, 20.902797599019834, 21.85779981357328, 396.31986078912985, 326.7396085303062, 73.69576312754148, 11.0, 0.0
19, 0 ,2.0,2.0,2.0,142.2004814836514,357.073894957737,305.7932336633769,24.891001444332545,24.149496720437647,22.425722508159634,129.0,112.0,105.0,-0.574787991657699,0.7049541744273182,0.4155218124281896,26.17610245075151,0.8075605678738165,0.4066642302348727,0.42716522922962435,24.319067901793517,0.132154053518717,0.5810884750233628,-0.8030389096012691,20.713951135427752,128.2790721749675,127.72309728983282,108.94442522106704,39.69373225643975,11.405296765988794,563259.0,1784967.2969900684, 0.0, 0.0,0.0,NaN, 258.3069385504389,258.3069385504389,0.0, 619.5619529017649, -50.46336665781231, -5.166751574265647, -50.46336665781231, 583.1981918504287, 103.22597247174484, -5.166751574265647, 103.22597247174484, 502.9130300129777, 301.6854892687023, 92.4840041925957, 20.0, 0.0
20, 0 ,2.0,2.0,2.0,345.468118882838,20.040799830000708,400.54826438223176,21.043295002144372,13.18596959813036,21.565632584330963,112.0,54.0,97.0,0.6527498586236261,-3.452105616603765E-4,0.7575734306959984,23.001555698969675,-0.7272602792003771,0.2797609926699249,0.6267585446387851,19.946009192884855,0.21215585866109304,0.9600696161268755,-0.1823628904842427,12.443943115307059,107.1818843322099,105.74500184289153,65.01544791495475,31.377324512475376,9.860531121169464,240001.0,736881.7420286163, 0.0, 0.0,0.0,NaN, 139.41045726476756,139.41045726476756,0.0, 442.82026454727435, -49.52315957058869, 74.29435312736545, -49.52315957058869, 173.8697942428181, 42.508903692771575, 74.29435312736545, 42.508903692771575, 465.0765087623574, 311.48573964275147, 100.97857117502897, 7.0, 0.0
21, 0 ,2.0,2.0,2.0,354.70952314987477,174.45084341200916,35.39075496829879,28.009148520891628,19.67313257738758,21.894670348868964,144.0,93.0,84.0,-0.9212884651271316,-0.21509140758103149,0.32398032410704297,29.145763604126135,-0.3400289349184883,0.0412973408770131,-0.9395077716840271,20.903960311774174,-0.188700523162742,0.9757203574904537,0.11118406602031197,19.091098532421928,151.20347265576447,102.27202642664253,92.37602229008158,38.630299657804244,12.594486266044328,469225.0,1428492.2363735833, 0.0, 0.0,0.0,NaN, 194.06035173653387,194.06035173653387,0.0, 784.5124008653657, 95.09114285516202, -121.60151843694567, 95.09114285516202, 387.0321454074685, -36.610947927495644, -121.60151843694567, -36.610947927495644, 479.37658968564176, 302.291252597368, 95.68071776390954, 12.0, 0.0
22, 0 ,2.0,2.0,2.0,391.07606292099524,19.394729090159267,116.17324090257458,24.698290578355834,12.331036761453275,20.48662221153426,99.0,50.0,89.0,-0.993736498654584,-0.11171645714140475,0.0026841098153368385,24.816415843440133,0.01212773562167204,-0.08393870065783493,0.9963971158933398,20.535193064950608,0.11108865500319529,-0.9901887333915934,-0.0847678181501329,12.008874435766225,103.71916247635602,91.71613061989258,56.47930573899558,32.59218773085615,10.932109296004217,254605.0,537271.8356051169, 5.6843418860808015E-14, 0.0,0.0,6.416130109262505, 124.6881952886264,124.6881952886264,0.0, 610.0055574929005, 52.07761307295714, 2.095084608239715, 52.07761307295714, 152.05446761231207, -23.348911885896364, 2.095084608239715, -23.348911885896364, 419.701689638129, 305.52863062390765, 91.99018360095936, 8.0, 0.0
23, 0 ,2.0,2.0,2.0,96.03693675094227,99.00982244949816,434.6660076017448,20.429457619011888,20.834670088961552,20.218288238379145,97.0,102.0,103.0,-0.6152605917741597,-0.7761943626619279,-0.13775600016534265,21.809793912114245,0.42848172268199436,-0.18259138635038316,-0.8849089212784077,20.439539603660105,0.6617082571172745,-0.6034755148326134,0.44492638206823676,19.151592777483735,103.23987711792745,97.24500955364437,95.65433201304464,34.225769607566576,9.424547224284803,377808.0,960327.6768427362, -1.4210854715202004E-14, 0.0,0.0,52.02914220857058, 156.2175169532949,156.2175169532949,NaN, 417.3627386070029, 48.009242598667385, -10.105702198159282, 48.009242598667385, 434.08347771586915, 19.88143037148529, -10.105702198159282, 19.88143037148529, 408.77917929018054, 316.04956750518784, 86.30703050053371, 13.0, 0.0
24, 0 ,2.0,2.0,2.0,305.5056172335401,286.03225219061073,451.37849283775137,20.258192445165868,19.697028642086874,21.320984541921053,110.0,93.0,99.0,-0.6906667078363615,-0.4999171446119263,0.5225536787828982,21.57788440144564,0.3358417419628882,0.41821318856937034,0.8439834437131888,21.279696956168486,-0.6404606334832882,0.7584066042893471,-0.12095288143937209,18.28991750995299,108.12895306082427,113.03886910978281,92.39072351746648,34.0383260127096,9.71308615024271,362456.0,1129270.9860998532, 0.0, 0.0,0.0,NaN, 201.27942603589094,201.27942603589094,2.6973983046972182E-6, 410.39436114537546, 61.87644385674423, -13.776806319712106, 61.87644385674423, 387.97293732719066, 7.513779379363956, -13.776806319712106, 7.513779379363956, 454.58438183683654, 307.57931997263114, 96.92775754342374, 14.0, 0.0
25, 0 ,2.0,2.0,2.0,269.3120112945265,341.6657962830053,245.6046608808975,21.024694573710313,23.393505964435693,20.187541821643002,109.0,122.0,101.0,-0.18736916354077995,0.8998928769365169,0.3938090991749001,24.05488107691913,-0.8914230220636128,-0.324180565024183,0.31665747582455184,21.267866303089328,0.4126230632053954,-0.29171865092845756,0.8629266691970277,19.127762736809384,118.71415616715177,119.4419501400314,98.3816692733264,35.911196210999044,10.354551401270843,423568.0,1394997.9920401203, 0.0, 0.0,0.0,NaN, 308.1384420623893,308.1384420623893,0.0, 442.03778191780395, -10.892202208782185, -40.10248359814183, -10.892202208782185, 547.2561213080884, 66.52675033283657, -40.10248359814183, 66.52675033283657, 407.53684480058524, 315.5225914138934, 82.5837786820972, 15.0, 0.0
26, 0 ,2.0,2.0,2.0,127.44160507375013,145.80377142303843,37.90739545342069,20.109637011814808,20.337987130309344,20.99896533297603,96.0,92.0,85.0,0.5773137819771277,0.6071541337605764,0.545960305330625,22.44769881284745,-0.35458185544141724,-0.4158844779067415,0.8374436153126721,20.354175884920085,-0.7355137693687231,0.6770553588102535,0.024810001518172524,18.46066381169796,113.75484959025556,102.56710502381105,103.31597423786499,34.18594754764442,9.503091948671857,371796.0,1205439.708495123, 0.0, 0.0,0.0,NaN, 197.32479087792626,197.32479087792626,3.814697265625E-6, 404.397500746952, 68.00878487494636, 29.58434319543271, 68.00878487494636, 413.6337205126285, 28.468441968431822, 29.58434319543271, 28.468441968431822, 440.95654505552915, 316.03313376152516, 82.43686945374276, 13.0, 0.0
27, 0 ,2.0,2.0,2.0,197.16953923367822,26.565113815992444,103.20413407927839,22.226884763155223,16.558145660113773,20.307307626613408,105.0,67.0,86.0,-0.8807556927850986,0.05279056121255013,0.4706193432844688,22.971731661846498,0.46907646313234075,-0.03933898412034606,0.8822809734226578,19.48317658186575,-0.06508979460633259,-0.997830447007528,-0.009885224472023042,16.53174859940697,115.14280382085994,96.75966021452481,69.50522275049633,32.93919844932137,9.777655267697774,314411.0,774370.0984787861, 0.0, 0.0,0.0,NaN, 224.1263611553342,224.1263611553342,NaN, 494.03440627458184, -13.790027677025805, -61.45854746524757, -13.790027677025805, 274.1721877015446, 2.6311161666165193, -61.45854746524757, 2.6311161666165193, 412.38674304191113, 312.6500790366749, 87.78476970802085, 6.0, 0.0
28, 0 ,2.0,2.0,2.0,273.76595489981895,129.6093649463556,22.322015891304673,22.166186738176172,20.074213425078067,14.584785647295774,102.0,85.0,59.0,-0.9777726167362357,-0.18842266123228732,-0.09196526896017602,22.319320858592047,0.17519163672174556,-0.975183795579645,0.13536785165479154,20.055180718472894,-0.11518941090018062,0.1162474325437792,0.9865180860194351,14.3759345534632,105.68470735331857,90.54450467342735,66.19601531464667,31.820790496456983,9.719420955255705,267316.0,633440.889371222, 0.0, 0.0,0.0,NaN, 205.754399476695,205.754399476695,0.0, 491.33983451169723, 20.294203521315204, 30.847979927215448, 20.294203521315204, 402.9740446355845, -20.762371629764736, 30.847979927215448, -20.762371629764736, 212.71597237756484, 315.0500269344147, 85.72555208820742, 7.0, 0.0
29, 0 ,2.0,2.0,2.0,128.18063613201116,203.24556513833897,372.76126508690294,21.142382068880337,17.552468638122097,21.149495545739263,97.0,83.0,95.0,-0.9109569135447634,-0.41137570328999334,-0.030455416721198537,21.946629050701596,0.09101584784508807,-0.1284368693550875,-0.9875323215122149,21.25151256490901,0.4023352049051119,-0.9023713212048177,0.15444216251087076,16.404551919892015,109.51387459435091,98.14088323760922,86.41861863269715,33.3983156105712,9.324331131762284,334396.0,928809.0251096927, 0.0, -2.8421709430404007E-14,5.6843418860808015E-14,78.52413699731007, 275.7327522230625,275.7327522230625,0.0, 447.00031954651286, 77.51677616772848, -10.508105528503068, 77.51677616772848, 308.0891552922598, 25.812602292265247, -10.508105528503068, 25.812602292265247, 447.3011618392449, 306.74998205720163, 88.75268552454574, 14.0, 0.0
30, 0 ,2.0,2.0,2.0,208.49197877336826,35.29158354158766,399.6338900652674,24.143800186727553,19.584947023387997,20.18474009243749,122.0,83.0,97.0,-0.9929153068883075,-0.02051296633471667,0.1170402134270501,24.191305663286656,0.1035502136665053,-0.6324840846825184,0.7676205025095005,21.18438334824255,0.05827989873463871,0.7743016859309219,0.6301272510914063,18.436908700347033,124.43330638266565,102.99565876900391,98.25088471243868,35.709475362373134,9.937320529659926,424561.0,1259192.2167869008, 0.0, 0.0,0.0,NaN, 237.60811194926416,237.60811194926416,0.0, 582.9230874566254, -2.1333883994268743, -19.853660103925456, -2.1333883994268743, 383.5701499089144, -53.44056901276647, -19.853660103925456, -53.44056901276647, 407.42373259925336, 320.804058780717, 75.54083075058175, 15.0, 0.0
31, 0 ,2.0,2.0,2.0,260.1321844581314,163.92901740897628,152.9719355104385,22.359006154629366,22.04281136032471,21.336229122858533,123.0,97.0,99.0,-0.76922842005136,-0.6098671106522544,-0.19065609124798458,23.573596599177105,0.2637440085924174,-0.5748196542261187,0.7746105234548313,21.873568919282327,-0.5820023502674979,0.5455680273440114,0.603016410906927,20.17121434582961,113.48845242403354,106.99840859399363,99.8149701607242,36.54153855607255,10.284032381769638,449251.0,1212061.5474722623, 0.0, 0.0,0.0,NaN, 282.50961367998786,282.50961367998786,NaN, 499.9251562227538, 58.972105193277955, 36.4508049657057, 58.972105193277955, 485.88553266686006, -14.563684774230003, 36.4508049657057, -14.563684774230003, 455.2346731831166, 286.4209250508068, 101.36978942327444, 9.0, 0.0
33, 0 ,2.0,2.0,2.0,239.20159497512262,391.4785301763177,409.5023489419763,22.50477835741234,20.904783548141594,20.41579126525759,118.0,86.0,91.0,-0.9291038295711632,0.3539931608839542,0.10702764093254608,22.817485121613345,-0.23156437134239471,-0.782517103251541,0.5779661971461821,20.80475166809283,0.2883470405622377,0.5122068187423953,0.8090118410955397,20.16938863355598,116.22141876790899,101.01705188286837,99.65143494957249,35.5570711739674,9.796644661670495,425085.0,1169942.2349796582, 2.8421709430404007E-14, 0.0,0.0,21.704453405822306, 220.26121256534577,220.26121256534577,2.6973983046972182E-6, 506.4650489162549, -32.72205004518948, -14.803791694796884, -32.72205004518948, 437.00997519465153, -7.461297887201137, -14.803791694796884, -7.461297887201137, 416.804532986568, 298.12924238681677, 96.21302040053638, 14.0, 0.0
35, 0 ,2.0,2.0,2.0,119.16958257071228,69.85466877893474,22.519318024516664,21.72554982333856,20.265971935461604,14.401338992745062,106.0,85.0,59.0,-0.8297345077057308,-0.5581432703423987,0.004091026010755586,22.851896455197103,-0.5396470779900582,0.8003230497135874,-0.26127389328812367,19.303112006540513,0.14255412284153868,-0.2189956754564663,-0.9652560365997435,13.974562378233674,109.70717228212871,94.30455442711103,65.49366011410044,31.547603260612473,9.739426415875174,260068.0,677589.9412320848, 0.0, 0.0,0.0,NaN, 139.95779308270696,139.95779308270696,0.0, 471.99951512636613, 74.81668080210896, 23.891880266564222, 74.81668080210896, 410.7096184889173, -37.82508365483462, 23.891880266564222, -37.82508365483462, 207.39856478395936, 298.4862728209545, 97.18165317077965, 7.0, 0.0
36, 0 ,2.0,2.0,2.0,74.34787638199529,274.815298179756,252.24121369674646,20.576271326297203,22.948521312675172,19.98800300437639,99.0,118.0,97.0,0.06754545747542332,0.9866223443967681,0.14837102382696254,23.020527901945552,0.9764449715022058,-0.09591411978605419,0.1932762252676783,20.593723524495687,0.20492151864187344,0.1318212090776433,-0.9698609900572432,19.88697268935234,123.55652589138896,99.77290711538045,100.9695441005019,35.28053000698965,10.238263459239738,398518.0,1244711.5239500701, -1.4210854715202004E-14, 0.0,0.0,86.1269815093973, 306.3662303453812,306.3662303453812,0.0, 423.3829416934005, 6.2807555414049006, 6.746797733480983, 6.2807555414049006, 526.6346304383065, 19.15169707911941, 6.746797733480983, 19.15169707911941, 399.5202641029597, 300.8300101877456, 85.6915841659601, 16.0, 0.0
37, 0 ,2.0,2.0,2.0,385.4169941980161,177.15674021391783,483.88123262697474,24.27732893711863,21.056142892864944,13.987458224900239,109.0,108.0,59.0,0.9278148120761535,-0.36575918651282935,0.07334774688812731,24.9040755264498,-0.3572897304900119,-0.927823663702828,-0.1071788111495755,20.431637239590195,-0.10725541001957084,-0.07323569180758036,0.9915305393516626,13.810650358394023,118.17678033655528,113.36096305098766,65.96092610822842,33.38330557714359,10.674912186171039,288522.0,883654.3609157858, 0.0, 2.8421709430404007E-14,5.6843418860808015E-14,89.03049843663833, 184.75984945967926,184.75984945967926,0.0, 589.3887003210575, -70.5892331559356, 37.90928643286576, -70.5892331559356, 443.36115352474684, 11.02360657735082, 37.90928643286576, 11.02360657735082, 195.64898759332934, 281.7933017239587, 112.28797632077696, 9.0, 0.0
38, 0 ,2.0,2.0,2.0,89.59893164553026,177.36347896855327,451.30606722702146,20.47794145917953,18.586531430789798,22.897979793632757,99.0,86.0,105.0,-0.43577551515849877,-0.1331505084385496,0.8901520333577296,23.572863873624534,-0.7811891153155421,-0.4352607078899824,-0.44753958738823485,20.186951102018707,-0.44703832777611496,0.8904038736829861,-0.08566023131808469,18.053526239026212,115.30134030582934,103.56889758903674,88.97557757987055,34.570021074662,9.697234583164818,385827.0,1062513.667264189, 0.0, 0.0,0.0,NaN, 206.63972086004142,206.63972086004142,3.814697265625E-6, 419.3460864055838, 41.07094844588599, -60.59900224476109, 41.07094844588599, 345.4591506277371, -11.338835457128354, -60.59900224476109, -11.338835457128354, 524.317478629614, 299.3622530305033, 89.02964939786945, 11.0, 0.0
39, 0 ,2.0,2.0,2.0,298.0878790403199,246.34604298567143,138.7735782516939,19.89512823928333,22.853359164606754,19.15526167278843,98.0,96.0,91.0,0.3344436137286455,0.8827564740205863,0.32998254016063666,23.607148332018625,-0.7612316491300548,0.4594656365228625,-0.45762179276928944,20.049177106882546,-0.5555842380763354,-0.09814446713586363,0.8256475143617619,18.048524800768874,105.81674673714753,107.37118617025499,92.24429125357031,34.43913040158441,9.94798973156914,360120.0,1048049.1609863569, 0.0, 2.8421709430404007E-14,0.0,28.023315819848378, 267.6900332768801,267.6900332768801,0.0, 395.816127657529, 41.70172103085734, 52.105585829917786, 41.70172103085734, 522.2760251065156, 51.422470284929915, 52.105585829917786, 51.422470284929915, 366.9240497529974, 306.3498278351661, 81.6885250488158, 10.0, 0.0
41, 0 ,2.0,2.0,2.0,260.8775643101653,263.7533595901979,24.239435442588356,22.393230593369058,21.186144842280836,14.211123545238669,115.0,100.0,56.0,-0.8768600809045967,-0.4807399191619677,-0.002351306047560632,22.89165491269468,-0.4803410920916981,0.8759110562642478,0.045301840605038834,20.657824346523316,-0.019718868226635364,0.040852804532788556,-0.9989705774434332,14.194786744795767,116.82782306850851,102.87781683848132,58.62297960223499,32.495574982378365,9.813416768310118,287163.0,704589.0867014921, 0.0, 0.0,0.0,NaN, 241.1998553817607,241.1998553817607,NaN, 501.45677640779996, 41.18993871018141, -4.236603215853333, 41.18993871018141, 448.8527332781028, 9.302738356462516, -4.236603215853333, 9.302738356462516, 201.95603241803687, 300.87063096568846, 86.76382706552947, 11.0, 0.0
42, 0 ,2.0,2.0,2.0,197.03776670745384,126.90093830515812,35.27213555367821,19.795820532449948,21.995577919068705,19.1523985655104,92.0,100.0,80.0,0.17045188639461015,0.834254819919763,0.524371099380164,24.011657046862016,-0.9522736878355029,0.0027104805493952766,0.30523347908013326,19.861308521878016,0.2532212034579446,-0.5513724229011043,0.7949009204822166,16.476136653403064,106.83934774140596,88.28426139245312,88.08457819317127,33.819911043947684,9.93518728250698,332621.0,830834.2566806366, 0.0, 0.0,0.0,NaN, 237.00601932927276,237.00601932927276,0.0, 391.87451055296697, 43.067330123505585, -8.484817756020588, 43.067330123505585, 483.8054479938228, 133.5690556714467, -8.484817756020588, 133.5690556714467, 366.8143708121648, 312.49426524482817, 74.96381113838852, 5.0, 0.0
43, 0 ,2.0,2.0,2.0,264.21925744950045,339.6815176766575,54.013248403938164,19.508260128567912,19.06000904684828,21.76722466086808,107.0,91.0,102.0,-0.4349753613995528,0.05573873870924732,0.8987155434187342,22.439644963631167,0.48419496705501963,0.8559788765805487,0.1812605768679171,19.21893226779452,-0.7591782852887173,0.5139974278680817,-0.39931813794401977,18.56780019115413,118.6229414821487,95.68236520956737,98.1770925595114,33.56495030640784,9.542658878699925,343815.0,1114322.136135264, 0.0, 0.0,0.0,NaN, 198.97364336119455,198.97364336119455,0.0, 380.57221324387257, 6.347970482564276, -59.9085779203447, 6.347970482564276, 363.2839448659383, 11.770995119418522, -59.9085779203447, 11.770995119418522, 473.8120694367036, 320.59259776333204, 89.26827238340556, 9.0, 0.0
44, 0 ,2.0,2.0,2.0,365.7763914550199,151.10576411599368,254.63712791974996,21.507228471758125,18.835882533726867,18.18005934115808,125.0,90.0,85.0,0.9272998968573062,0.3555997079759958,0.11689203983084463,21.999391980995775,-0.2504905506548854,0.8215584728935829,-0.5121485718513494,18.426769688719496,-0.2781535283275077,0.4456349664289718,0.8509054538400889,18.009631209832605,125.27989514285355,88.74902862371421,89.82192749314143,32.54385071868477,9.421448158752245,317707.0,998682.3163535513, 0.0, 0.0,0.0,NaN, 302.3429563038475,302.3429563038475,0.0, 462.5608765364034, 49.50858084439006, 19.252401872401137, 49.50858084439006, 354.7904708243569, 0.2400143139448725, 19.252401872401137, 0.2400143139448725, 330.51455764802927, 317.29055072755716, 97.72067020890158, 10.0, 0.0
46, 0 ,2.0,2.0,2.0,330.2354939892108,361.729817812829,358.7798138682061,24.48206226088889,18.96645136569801,19.27606637938722,143.0,90.0,93.0,-0.9565560092933696,-0.19447479082876207,0.21720993719637477,24.93228786264581,-0.2749578257884373,0.3540137044367784,-0.8939085473965694,19.01069845541307,-0.09694738326762159,0.9147971648420532,0.39210630200814445,18.645073107593056,137.15372376424176,90.3687390791709,91.01848739485916,34.86107076789575,10.741048828285118,367589.0,1128120.3663041024, 0.0, 0.0,0.0,NaN, 193.8055136920655,193.8055136920655,NaN, 599.37137254604, 49.627302016743435, -53.54184860673494, 49.627302016743435, 359.72627740738784, -15.930367899650891, -53.54184860673494, -15.930367899650891, 371.56673506254236, 301.2044865325132, 83.52882426638486, 11.0, 0.0
47, 0 ,2.0,2.0,2.0,100.60129468120061,84.50442128442059,247.90226770963633,21.299185154455696,22.41267334534914,18.688817135428604,100.0,108.0,94.0,0.6063242189919565,-0.6772058200164459,0.41684915593011207,24.46857997391892,-0.6238472211173658,-0.7301410179941856,-0.27876287153520796,20.56237300531331,0.4931385060689686,-0.09102950718457975,-0.8651751514310835,16.844361403772375,107.67404110291841,102.7155718939691,91.08301977305825,34.573774327065436,10.483760271627181,346958.0,1007360.0467569265, 0.0, 0.0,2.8421709430404007E-14,65.36417926812052, 280.56577133308474,280.56577133308474,0.0, 453.65528824378583, -65.98247449558501, 103.79611163698608, -65.98247449558501, 502.32792648532387, -60.60868917467593, 103.79611163698608, -60.60868917467593, 349.27188592148974, 298.542832273647, 81.36837122572287, 13.0, 0.0
48, 0 ,2.0,2.0,2.0,134.3866369187412,355.12626232973224,86.57451268201034,19.431476414105003,28.053481321978065,15.793676041680015,115.0,133.0,79.0,-0.20790705833580198,0.9766435172155955,0.05424108567225275,28.434523525593765,0.967409469258393,0.19711350006561415,0.15895026543254823,18.990567475050145,0.14454609605017985,0.085520222009969,-0.9857954746011055,15.647891604687542,138.13761708917463,112.12316676114403,82.65390084124397,35.61779914535617,12.05788857408422,340640.0,1280178.9157989956, 0.0, 0.0,0.0,NaN, 177.38231583744275,177.38231583744275,0.0, 377.58227563191906, -92.37390574763516, 11.44776415490985, -92.37390574763516, 786.9978142825722, 33.487430159542605, 11.44776415490985, 33.487430159542605, 249.44020290953733, 282.10092472992017, 89.98034793578593, 10.0, 0.0
49, 0 ,2.0,2.0,2.0,188.21673949879604,225.96921207526978,55.88129403371087,22.589286970739177,22.346238177246818,21.22736753097516,118.0,103.0,109.0,-0.6928026047313687,0.657686969902683,0.2957573338019839,23.919532023123878,-0.7040042016726421,-0.528006434113348,-0.4749603031435075,21.310043453384953,-0.15621342741485672,-0.5372681408339174,0.8288186230654869,20.83193257058367,116.17584981050629,99.9060724215272,97.68517966499833,36.70867486660428,10.616240782566992,448520.0,1133799.9241109376, -2.8421709430404007E-14, 0.0,0.0,46.14762917770489, 284.59962337172,284.59962337172,0.0, 510.2758858464067, -55.46928574926798, -21.575027547500444, -55.46928574926798, 499.3543606742432, 31.93002717674137, -21.575027547500444, 31.93002717674137, 450.6011322950986, 291.30288504414517, 85.91950068071658, 10.0, 0.0
50, 0 ,2.0,2.0,2.0,222.18658534311868,29.691904723435723,171.18352794228224,23.50036742094639,18.087938511053075,18.877713099997266,117.0,72.0,89.0,-0.9474961868012097,-0.31972076623088397,0.005441290095534514,24.10829060021908,-0.011135828000712545,0.049997695799207306,0.9986872502187603,18.881550996765732,0.3195731048319086,-0.9461917681186555,0.0509329815795989,17.26517294083228,125.28958572029637,88.88339232987767,82.89604620358256,33.60202568681503,10.330184418854207,321842.0,923143.9159380631, -2.8421709430404007E-14, -3.552713678800501E-15,0.0,0.7946519369352124, 272.40976196687984,272.40976196687984,0.0, 552.2672689194785, 85.73525652168843, -2.1094482275826523, 85.73525652168843, 327.17351957963695, 2.4248210727662896, -2.1094482275826523, 2.4248210727662896, 356.3680518858083, 299.23095494062306, 81.73541762338688, 8.0, 0.0
51, 0 ,2.0,2.0,2.0,291.9794137984384,305.9040531452369,320.6907807285368,19.966581369718714,19.61874994416761,18.029380611965326,96.0,84.0,83.0,-0.8901156791677542,0.43109234324534573,0.14782918959043284,20.281643608578214,-0.32835662302864954,-0.8315903028398773,0.447928003518313,19.796078854319486,0.3160316531820008,0.35016704559098316,0.8817635932431854,17.47536782859433,108.29147091018709,92.59988619320495,86.74348170596147,32.14396997715885,8.682366055626073,316717.0,869844.3672568115, 0.0, 0.0,0.0,NaN, 265.68909649722787,265.68909649722787,0.0, 398.66437159359845, -17.03936818514025, -26.664186354537904, -17.03936818514025, 384.8953493717766, -25.466809660426367, -26.664186354537904, -25.466809660426367, 325.0585652511112, 313.04215119491533, 64.52382123962587, 10.0, 0.0
52, 0 ,2.0,2.0,2.0,123.83095363129284,224.40949799168288,20.480275203315497,23.49505616709447,22.01482405801131,13.25557604078728,119.0,103.0,52.0,-0.9662781279655152,0.257499726902571,-6.856096273516212E-4,23.604302786952047,0.2573529080348308,0.9656301603641504,-0.03644000715040773,21.90688682885349,-0.00872124655515097,-0.03538762552372158,-0.9993356072002625,13.240303553276433,123.48458821568116,105.71385498825381,54.57239878079519,33.16925391113346,10.591554831648367,281828.0,712389.8319200034, 0.0, 0.0,0.0,NaN, 242.58475482540953,242.58475482540953,0.0, 552.017664294924, -19.31542535404651, -2.6036012346666983, -19.31542535404651, 484.65247830519354, -10.78576153066454, -2.6036012346666983, -10.78576153066454, 175.71029617309378, 298.68040436010614, 77.02641235389231, 6.0, 0.0
53, 0 ,2.0,2.0,2.0,192.8902107567101,304.33904753586256,61.882352336717496,22.31340326647319,18.481565596473075,22.923859626350172,109.0,81.0,103.0,0.6481627140731918,0.2164975664795768,0.7300780093891981,25.283554143763887,-0.7435079889769178,-0.0272649758296088,0.6681710046241973,19.97069237093914,-0.16456295577307856,0.9759023643794656,-0.1432955295387676,18.07962689001834,124.19036750017244,98.18756870142668,84.79475469511385,35.41382927216643,10.527120626267207,389264.0,1033983.0194482056, 0.0, 0.0,0.0,NaN, 239.4438926357163,239.4438926357163,2.6973983046972182E-6, 497.88796533225656, 45.29432178300667, 112.07671680868029, 45.29432178300667, 341.56826689673716, 48.064776144088604, 112.07671680868029, 48.064776144088604, 525.5033401686075, 307.94432056393606, 72.8728852506426, 9.0, 0.0
54, 0 ,2.0,2.0,2.0,333.35423870142864,370.61078436822504,34.40642336983712,22.207912071357192,18.979365472477017,20.17185824401106,108.0,86.0,79.0,-0.9328351047489801,0.3390533631784732,0.12190768747427401,22.642694321730392,-0.21452317212198407,-0.25080970093667154,-0.9439673206943016,20.31607400766964,-0.28947966417467175,-0.9067178783025189,0.3066988966329939,18.29964666574277,109.13680478071572,97.7642929293871,96.56689654507107,34.10303624085634,9.863795237040431,359780.0,1030338.1311637965, 0.0, 0.0,0.0,NaN, 121.17517892358879,121.17517892358879,0.0, 493.19135856913243, -52.04980890033237, -4.452981949077059, -52.04980890033237, 360.2163137378527, 25.784852624729442, -4.452981949077059, 25.784852624729442, 406.90386501647697, 280.0160987269998, 95.46387574630475, 9.0, 0.0
55, 0 ,2.0,2.0,2.0,107.22920737754461,218.83076011243537,159.00322166082776,16.78084487747324,23.411828409948182,20.060780489224012,84.0,110.0,88.0,0.18812091838998302,-0.979941542118648,-0.0657654475711676,23.624083143132765,0.22291183974810297,0.10781436863683003,-0.9688582835562471,20.251592235799418,0.956514940690539,0.16760261318239708,0.23872271004285756,16.245648207959178,107.70027791250959,91.66574068855545,81.16071685619735,33.75461563230637,9.631786005027646,340818.0,801253.1507534242, 0.0, -2.8421709430404007E-14,0.0,11.495160114990473, 286.7424842041738,286.7424842041738,0.0, 281.5967548018198, -50.71687034858306, -35.21559210399675, -50.71687034858306, 548.1137094968568, 3.6863599498756447, -35.21559210399675, 3.6863599498756447, 402.43491383683084, 293.89592099008854, 85.24349630209865, 13.0, 0.0
